ID,Size,Predicted,Actual
1,56,1.3212716233921364E-4,no
2,45,1.3212716233921364E-4,no
3,45,1.3212716233921364E-4,no
4,97,1.3212716233921364E-4,no
5,43,1.3212716233921364E-4,no
6,76,1.3212716233921364E-4,no
7,76,4.405014774110008E-5,no
8,72,2.6431020076931516E-5,no
9,196,1.3212716233921364E-4,no
10,170,4.405014774110008E-5,no
11,120,6.607231111658384E-5,no
12,88,1.3212716233921364E-4,no
13,72,1.3212716233921364E-4,no
14,242,1.3212716233921364E-4,no
15,312,1.3212716233921364E-4,no
16,158,1.3212716233921364E-4,no
17,53,1.887958520163423E-5,no
18,605,1.3212716233921364E-4,no
19,890,1.3212716233921364E-4,yes
20,69,1.3212716233921364E-4,no
21,61,1.887958520163423E-5,no
22,162,4.405014774110008E-5,no
23,68,1.4684245037917878E-5,no
24,146,1.3212716233921364E-4,no
25,215,6.607231111658384E-5,no
26,437,1.3212716233921364E-4,no
27,72,2.6431020076931516E-5,no
28,74,0.5882339222142023,no
29,327,1.3212716233921364E-4,no
30,265,1.3212716233921364E-4,no
31,35,4.405014774110008E-5,no
32,555,1.3212716233921364E-4,no
33,297,1.3212716233921364E-4,no
34,45,9.439970823550582E-6,no
35,420,1.3212716233921364E-4,no
36,181,1.3212716233921364E-4,no
37,129,1.3212716233921364E-4,no
38,61,1.887958520163423E-5,no
39,65,1.1013264639176725E-5,no
40,161,1.3212716233921364E-4,no
41,244,1.3212716233921364E-4,no
42,425,1.3212716233921364E-4,no
43,49,1.3215859347109498E-5,no
44,41,6.293353488415932E-6,no
45,107,1.3212716233921364E-4,no
46,1636,0.999986784140653,no
47,1069,1.3212716233921364E-4,no
48,46,1.201444645759673E-5,no
49,465,1.3212716233921364E-4,no
50,98,1.3212716233921364E-4,no
51,408,1.3212716233921364E-4,yes
52,221,1.3212716233921364E-4,no
53,460,1.3212716233921364E-4,no
54,198,6.607231111658384E-5,yes
55,57,1.3212716233921364E-4,no
56,418,1.3212716233921364E-4,no
57,374,1.3212716233921364E-4,yes
58,53,1.887958520163423E-5,no
59,163,1.3212716233921364E-4,no
60,47,1.201444645759673E-5,no
61,286,1.3212716233921364E-4,no
62,82,2.2026044121047723E-5,no
63,131,6.607231111658384E-5,no
64,407,1.3212716233921364E-4,no
65,159,6.607231111658384E-5,no
66,931,1.3212716233921364E-4,no
67,43,1.1013264639176725E-5,no
68,206,6.607231111658384E-5,no
69,58,1.887958520163423E-5,no
70,121,1.3212716233921364E-4,no
71,167,4.405014774110008E-5,no
72,36,1.6519715022771774E-5,no
73,84,1.887958520163423E-5,no
74,36,1.6519715022771774E-5,no
75,214,1.3212716233921364E-4,no
76,43,1.1013264639176725E-5,no
77,49,1.3215859347109498E-5,no
78,73,1.887958520163423E-5,no
79,75,1.887958520163423E-5,no
80,192,1.3212716233921364E-4,no
81,192,6.607231111658384E-5,no
82,141,1.3212716233921364E-4,yes
83,95,2.6431020076931516E-5,no
84,160,4.405014774110008E-5,no
85,193,1.3212716233921364E-4,no
86,109,4.405014774110008E-5,no
87,70,1.6519715022771774E-5,no
88,235,1.3212716233921364E-4,no
89,63,2.6431020076931516E-5,no
90,46,1.201444645759673E-5,no
91,54,1.6519715022771774E-5,no
92,70,1.6519715022771774E-5,yes
93,62,1.3212716233921364E-4,no
94,44,3.303833847767059E-5,no
95,51,1.6519715022771774E-5,no
96,211,1.3212716233921364E-4,no
97,78,4.405014774110008E-5,no
98,59,2.6431020076931516E-5,no
99,56,3.303833847767059E-5,no
100,44,3.303833847767059E-5,no
101,224,1.3212716233921364E-4,no
102,125,1.3212716233921364E-4,no
103,117,1.3212716233921364E-4,no
104,211,6.607231111658384E-5,no
105,83,2.2026044121047723E-5,no
106,213,1.3212716233921364E-4,no
107,175,6.607231111658384E-5,no
108,47,1.201444645759673E-5,no
109,230,2.6431020076931516E-5,no
110,47,1.201444645759673E-5,no
111,93,2.2026044121047723E-5,no
112,47,1.201444645759673E-5,no
113,57,1.3215859347109498E-5,no
114,155,3.303833847767059E-5,no
115,167,4.405014774110008E-5,no
116,65,1.1013264639176725E-5,no
117,65,1.1013264639176725E-5,no
118,45,9.439970823550582E-6,no
119,521,1.3212716233921364E-4,yes
120,47,1.201444645759673E-5,no
121,32,2.2026044121047723E-5,no
122,56,3.303833847767059E-5,no
123,61,1.887958520163423E-5,no
124,146,1.3212716233921364E-4,no
125,166,4.405014774110008E-5,no
126,134,1.3212716233921364E-4,no
127,162,1.3212716233921364E-4,no
128,161,1.3212716233921364E-4,no
129,43,1.1013264639176725E-5,no
130,43,1.1013264639176725E-5,no
131,99,1.3212716233921364E-4,no
132,79,2.6431020076931516E-5,no
133,81,2.6431020076931516E-5,no
134,51,1.6519715022771774E-5,no
135,177,1.3212716233921364E-4,no
136,103,4.405014774110008E-5,no
137,1116,1.3212716233921364E-4,yes
138,156,6.607231111658384E-5,no
139,36,1.6519715022771774E-5,no
140,71,1.6519715022771774E-5,no
141,41,6.293353488415932E-6,no
142,39,7.774119520851584E-6,no
143,379,1.3212716233921364E-4,yes
144,245,6.607231111658384E-5,no
145,57,1.3215859347109498E-5,no
146,47,1.201444645759673E-5,no
147,290,1.3212716233921364E-4,no
148,118,4.405014774110008E-5,no
149,68,1.4684245037917878E-5,no
150,250,1.3212716233921364E-4,no
151,152,6.607231111658384E-5,no
152,54,1.6519715022771774E-5,no
153,57,1.3215859347109498E-5,yes
154,57,1.3215859347109498E-5,yes
155,214,6.607231111658384E-5,no
156,97,3.303833847767059E-5,no
157,127,1.3212716233921364E-4,no
158,157,6.607231111658384E-5,no
159,189,1.3212716233921364E-4,no
160,184,1.3212716233921364E-4,no
161,93,2.2026044121047723E-5,no
162,89,2.2026044121047723E-5,no
163,1101,1.3212716233921364E-4,yes
164,495,1.3212716233921364E-4,no
165,115,3.303833847767059E-5,no
166,128,6.607231111658384E-5,no
167,436,1.3212716233921364E-4,no
168,170,4.405014774110008E-5,no
169,78,4.405014774110008E-5,no
170,85,1.887958520163423E-5,no
171,1338,1.3212716233921364E-4,no
172,440,1.3212716233921364E-4,yes
173,257,6.607231111658384E-5,no
174,87,1.887958520163423E-5,no
175,46,1.201444645759673E-5,no
176,74,0.5882339222142023,no
177,67,1.887958520163423E-5,no
178,164,6.607231111658384E-5,no
179,91,1.887958520163423E-5,no
180,307,6.607231111658384E-5,no
181,788,1.3212716233921364E-4,no
182,1883,1.3212716233921364E-4,no
183,1532,0.999986784140653,yes
184,71,1.6519715022771774E-5,no
185,1143,0.999986784140653,no
186,142,6.607231111658384E-5,no
187,167,4.405014774110008E-5,no
188,63,2.6431020076931516E-5,no
189,230,2.6431020076931516E-5,no
190,629,1.3212716233921364E-4,no
191,138,3.303833847767059E-5,no
192,37,2.6431020076931516E-5,no
193,163,4.405014774110008E-5,no
194,2218,1.3212716233921364E-4,no
195,94,1.3212716233921364E-4,no
196,207,1.3212716233921364E-4,no
197,136,6.607231111658384E-5,no
198,69,2.2026044121047723E-5,no
199,104,4.405014774110008E-5,no
200,269,1.3212716233921364E-4,no
201,553,1.3212716233921364E-4,no
202,334,1.3212716233921364E-4,yes
203,379,1.3212716233921364E-4,yes
204,169,1.3212716233921364E-4,no
205,87,1.887958520163423E-5,yes
206,82,2.2026044121047723E-5,no
207,96,3.303833847767059E-5,no
208,184,1.3212716233921364E-4,yes
209,81,2.6431020076931516E-5,no
210,61,1.887958520163423E-5,no
211,77,3.303833847767059E-5,no
212,51,1.6519715022771774E-5,no
213,62,1.201444645759673E-5,no
214,83,2.2026044121047723E-5,no
215,66,2.6431020076931516E-5,no
216,130,4.405014774110008E-5,no
217,51,1.6519715022771774E-5,no
218,347,1.3212716233921364E-4,no
219,138,3.303833847767059E-5,no
220,179,1.3212716233921364E-4,no
221,1651,1.3212716233921364E-4,no
222,290,0.999986784140653,no
223,99,4.405014774110008E-5,no
224,103,4.405014774110008E-5,no
225,68,1.4684245037917878E-5,no
226,137,6.607231111658384E-5,no
227,281,0.999986784140653,no
228,418,1.3212716233921364E-4,no
229,247,1.3212716233921364E-4,no
230,449,1.3212716233921364E-4,yes
231,275,6.607231111658384E-5,no
232,87,1.887958520163423E-5,no
233,98,1.3212716233921364E-4,no
234,163,4.405014774110008E-5,no
235,99,4.405014774110008E-5,no
236,152,6.607231111658384E-5,no
237,231,1.3212716233921364E-4,no
238,422,1.3212716233921364E-4,no
239,219,1.3212716233921364E-4,no
240,332,1.3212716233921364E-4,yes
241,108,1.3212716233921364E-4,no
242,97,1.3212716233921364E-4,no
243,114,6.607231111658384E-5,no
244,84,1.3212716233921364E-4,no
245,266,1.3212716233921364E-4,no
246,110,1.887958520163423E-5,no
247,41,6.293353488415932E-6,no
248,89,2.2026044121047723E-5,no
249,58,1.887958520163423E-5,no
250,54,1.6519715022771774E-5,no
251,55,3.303833847767059E-5,no
252,76,4.405014774110008E-5,yes
253,49,1.3215859347109498E-5,no
254,84,1.887958520163423E-5,no
255,405,1.3212716233921364E-4,no
256,87,1.887958520163423E-5,no
257,97,3.303833847767059E-5,no
258,115,3.303833847767059E-5,no
259,1075,0.999986784140653,yes
260,290,1.3212716233921364E-4,no
261,201,6.607231111658384E-5,no
262,200,6.607231111658384E-5,no
263,537,1.3212716233921364E-4,yes
264,218,1.3212716233921364E-4,no
265,374,1.3212716233921364E-4,yes
266,286,1.3212716233921364E-4,yes
267,330,1.3212716233921364E-4,no
268,602,1.3212716233921364E-4,yes
269,259,6.607231111658384E-5,no
270,169,1.3212716233921364E-4,no
271,77,3.303833847767059E-5,no
272,57,1.3215859347109498E-5,no
273,60,3.303833847767059E-5,no
274,124,1.3212716233921364E-4,no
275,133,1.3212716233921364E-4,no
276,154,6.607231111658384E-5,no
277,99,1.3212716233921364E-4,no
278,820,1.3212716233921364E-4,yes
279,308,1.3212716233921364E-4,no
280,188,0.999986784140653,no
281,333,1.3212716233921364E-4,no
282,110,1.887958520163423E-5,no
283,170,1.3212716233921364E-4,no
284,106,1.3212716233921364E-4,no
285,794,1.3212716233921364E-4,no
286,85,1.887958520163423E-5,no
287,194,1.3212716233921364E-4,no
288,187,0.999986784140653,no
289,100,4.405014774110008E-5,no
290,85,1.887958520163423E-5,no
291,45,9.439970823550582E-6,no
292,281,0.999986784140653,no
293,42,1.1013264639176725E-5,no
294,955,1.3212716233921364E-4,no
295,468,1.3212716233921364E-4,no
296,65,1.1013264639176725E-5,no
297,81,2.6431020076931516E-5,no
298,1538,1.3212716233921364E-4,no
299,235,4.405014774110008E-5,no
300,227,1.3212716233921364E-4,no
301,227,1.3212716233921364E-4,no
302,830,1.3212716233921364E-4,no
303,502,1.3212716233921364E-4,no
304,74,0.5882339222142023,no
305,618,1.3212716233921364E-4,no
306,446,1.3212716233921364E-4,no
307,125,1.3212716233921364E-4,yes
308,908,0.999986784140653,no
309,155,3.303833847767059E-5,no
310,80,3.303833847767059E-5,no
311,45,9.439970823550582E-6,no
312,38,7.774119520851584E-6,no
313,981,1.3212716233921364E-4,yes
314,5088,0.999986784140653,yes
315,649,1.3212716233921364E-4,no
316,169,1.3212716233921364E-4,yes
317,174,1.3212716233921364E-4,no
318,477,1.3212716233921364E-4,yes
319,162,4.405014774110008E-5,no
320,211,6.607231111658384E-5,yes
321,300,1.3212716233921364E-4,no
322,351,1.3212716233921364E-4,yes
323,317,1.3212716233921364E-4,no
324,118,4.405014774110008E-5,no
325,115,3.303833847767059E-5,no
326,213,1.3212716233921364E-4,no
327,406,1.3212716233921364E-4,no
328,42,1.1013264639176725E-5,no
329,105,0.999986784140653,no
330,976,1.3212716233921364E-4,no
331,557,1.3212716233921364E-4,no
332,384,1.3212716233921364E-4,yes
333,1196,1.3212716233921364E-4,yes
334,127,1.3212716233921364E-4,no
335,754,1.3212716233921364E-4,yes
336,462,1.3212716233921364E-4,yes
337,38,7.774119520851584E-6,no
338,607,1.3212716233921364E-4,no
339,519,0.999986784140653,no
340,523,1.3212716233921364E-4,no
341,972,1.3212716233921364E-4,no
342,74,0.5882339222142023,no
343,294,1.3212716233921364E-4,no
344,723,1.3212716233921364E-4,no
345,155,3.303833847767059E-5,no
346,137,6.607231111658384E-5,no
347,46,1.201444645759673E-5,no
348,63,2.6431020076931516E-5,no
349,280,1.3212716233921364E-4,yes
350,191,1.3212716233921364E-4,no
351,722,1.3212716233921364E-4,no
352,154,6.607231111658384E-5,no
353,3239,1.3212716233921364E-4,no
354,36,1.6519715022771774E-5,no
355,355,1.3212716233921364E-4,no
356,65,1.1013264639176725E-5,no
357,148,1.3212716233921364E-4,no
358,520,1.3212716233921364E-4,no
359,112,3.303833847767059E-5,no
360,90,4.405014774110008E-5,no
361,91,1.887958520163423E-5,no
362,88,1.3212716233921364E-4,no
363,87,1.887958520163423E-5,no
364,83,2.2026044121047723E-5,no
365,93,2.2026044121047723E-5,no
366,253,1.3212716233921364E-4,no
367,121,1.3212716233921364E-4,no
368,67,1.887958520163423E-5,no
369,476,0.999986784140653,yes
370,160,4.405014774110008E-5,no
371,202,1.3212716233921364E-4,no
372,74,1.3212716233921364E-4,no
373,48,3.303833847767059E-5,no
374,1850,1.3212716233921364E-4,yes
375,1791,1.3212716233921364E-4,yes
376,43,1.1013264639176725E-5,no
377,142,6.607231111658384E-5,no
378,66,2.6431020076931516E-5,no
379,95,2.6431020076931516E-5,no
380,140,4.405014774110008E-5,no
381,49,1.3215859347109498E-5,no
382,147,6.607231111658384E-5,yes
383,117,6.607231111658384E-5,no
384,504,1.3212716233921364E-4,no
385,410,1.3212716233921364E-4,yes
386,233,3.303833847767059E-5,no
387,58,1.887958520163423E-5,no
388,163,0.999986784140653,yes
389,147,6.607231111658384E-5,no
390,276,1.3212716233921364E-4,no
391,77,3.303833847767059E-5,no
392,90,4.405014774110008E-5,no
393,59,1.3212716233921364E-4,no
394,42,1.3212716233921364E-4,no
395,255,1.3212716233921364E-4,no
396,214,1.3212716233921364E-4,no
397,249,1.3212716233921364E-4,no
398,724,1.3212716233921364E-4,no
399,352,1.3212716233921364E-4,no
400,219,1.3212716233921364E-4,no
401,65,1.1013264639176725E-5,no
402,33,2.6431020076931516E-5,no
403,138,3.303833847767059E-5,no
404,716,1.3212716233921364E-4,no
405,480,1.3212716233921364E-4,no
406,85,1.3212716233921364E-4,no
407,52,1.887958520163423E-5,no
408,33,2.6431020076931516E-5,no
409,108,6.607231111658384E-5,no
410,314,1.3212716233921364E-4,no
411,94,1.4684245037917878E-5,no
412,79,2.6431020076931516E-5,no
413,91,1.887958520163423E-5,no
414,206,6.607231111658384E-5,no
415,61,1.887958520163423E-5,no
416,398,1.3212716233921364E-4,no
417,74,0.5882339222142023,no
418,82,2.2026044121047723E-5,no
419,1485,1.3212716233921364E-4,no
420,31,6.607231111658384E-5,no
421,132,1.3212716233921364E-4,no
422,620,1.3212716233921364E-4,no
423,28,1.3212716233921364E-4,no
424,141,1.3212716233921364E-4,no
425,536,1.3212716233921364E-4,no
426,75,1.887958520163423E-5,no
427,27,1.3212716233921364E-4,no
428,75,1.887958520163423E-5,no
429,354,1.3212716233921364E-4,yes
430,324,1.3212716233921364E-4,no
431,28,1.3212716233921364E-4,no
432,228,1.3212716233921364E-4,no
433,1077,1.3212716233921364E-4,no
434,4648,1.3212716233921364E-4,yes
435,194,1.3212716233921364E-4,no
436,288,1.3212716233921364E-4,no
437,287,1.3212716233921364E-4,no
438,94,1.4684245037917878E-5,no
439,237,4.405014774110008E-5,no
440,390,1.3212716233921364E-4,yes
441,989,1.3212716233921364E-4,no
442,31,6.607231111658384E-5,no
443,286,1.3212716233921364E-4,no
444,108,6.607231111658384E-5,no
445,70,1.6519715022771774E-5,no
446,73,1.887958520163423E-5,no
447,37,2.6431020076931516E-5,no
448,100,4.405014774110008E-5,no
449,36,1.6519715022771774E-5,no
450,56,3.303833847767059E-5,no
451,53,1.887958520163423E-5,no
452,35,4.405014774110008E-5,no
453,53,1.887958520163423E-5,no
454,38,7.774119520851584E-6,no
455,38,7.774119520851584E-6,no
456,37,2.6431020076931516E-5,no
457,48,3.303833847767059E-5,no
458,73,1.887958520163423E-5,no
459,42,1.1013264639176725E-5,no
460,43,1.1013264639176725E-5,no
461,284,1.3212716233921364E-4,no
462,42,1.1013264639176725E-5,no
463,217,1.3212716233921364E-4,no
464,639,1.3212716233921364E-4,no
465,31,6.607231111658384E-5,no
466,38,7.774119520851584E-6,no
467,109,4.405014774110008E-5,no
468,160,4.405014774110008E-5,no
469,37,2.6431020076931516E-5,no
470,43,1.1013264639176725E-5,no
471,37,2.6431020076931516E-5,no
472,33,2.6431020076931516E-5,no
473,33,2.6431020076931516E-5,no
474,198,6.607231111658384E-5,no
475,253,1.3212716233921364E-4,no
476,61,1.887958520163423E-5,no
477,62,1.201444645759673E-5,no
478,65,1.1013264639176725E-5,no
479,38,7.774119520851584E-6,no
480,948,1.3212716233921364E-4,no
481,156,6.607231111658384E-5,no
482,129,1.3212716233921364E-4,no
483,32,2.2026044121047723E-5,no
484,42,1.1013264639176725E-5,no
485,890,1.3212716233921364E-4,no
486,112,3.303833847767059E-5,no
487,124,1.3212716233921364E-4,no
488,82,2.2026044121047723E-5,no
489,421,1.3212716233921364E-4,no
490,172,1.3212716233921364E-4,no
491,200,1.3212716233921364E-4,no
492,366,0.999986784140653,no
493,512,6.607231111658384E-5,yes
494,38,7.774119520851584E-6,no
495,46,1.201444645759673E-5,no
496,163,4.405014774110008E-5,no
497,756,1.3212716233921364E-4,no
498,130,1.3212716233921364E-4,no
499,4952,1.3212716233921364E-4,no
500,78,4.405014774110008E-5,no
501,45,9.439970823550582E-6,no
502,33,1.3212716233921364E-4,no
503,42,1.3212716233921364E-4,no
504,1445,1.3212716233921364E-4,no
505,222,1.3212716233921364E-4,no
506,185,1.3212716233921364E-4,no
507,533,1.3212716233921364E-4,no
508,650,1.3212716233921364E-4,no
509,461,1.3212716233921364E-4,no
510,134,1.3212716233921364E-4,no
511,202,1.3212716233921364E-4,no
512,872,1.3212716233921364E-4,no
513,50,4.405014774110008E-5,no
514,197,6.607231111658384E-5,no
515,952,1.3212716233921364E-4,yes
516,596,1.3212716233921364E-4,no
517,85,1.887958520163423E-5,no
518,83,2.2026044121047723E-5,no
519,73,1.887958520163423E-5,no
520,89,2.2026044121047723E-5,no
521,76,4.405014774110008E-5,no
522,810,1.3212716233921364E-4,no
523,91,1.887958520163423E-5,no
524,353,1.3212716233921364E-4,no
525,410,1.3212716233921364E-4,no
526,68,1.4684245037917878E-5,no
527,890,1.3212716233921364E-4,yes
528,235,1.3212716233921364E-4,no
529,976,1.3212716233921364E-4,yes
530,41,6.293353488415932E-6,no
531,43,1.1013264639176725E-5,no
532,144,6.607231111658384E-5,no
533,65,1.1013264639176725E-5,no
534,82,2.2026044121047723E-5,no
535,65,1.1013264639176725E-5,no
536,420,1.3212716233921364E-4,no
537,214,6.607231111658384E-5,no
538,43,1.1013264639176725E-5,no
539,118,4.405014774110008E-5,no
540,309,1.3212716233921364E-4,no
541,307,6.607231111658384E-5,no
542,56,3.303833847767059E-5,no
543,48,3.303833847767059E-5,no
544,33,1.3212716233921364E-4,no
545,743,1.3212716233921364E-4,no
546,55,3.303833847767059E-5,no
547,128,6.607231111658384E-5,no
548,501,1.3212716233921364E-4,no
549,110,1.887958520163423E-5,no
550,107,4.405014774110008E-5,no
551,322,1.3212716233921364E-4,no
552,42,1.1013264639176725E-5,no
553,495,1.3212716233921364E-4,no
554,84,1.887958520163423E-5,no
555,39,7.774119520851584E-6,no
556,94,1.4684245037917878E-5,no
557,93,2.2026044121047723E-5,no
558,91,1.887958520163423E-5,no
559,38,7.774119520851584E-6,no
560,94,1.4684245037917878E-5,no
561,93,2.2026044121047723E-5,no
562,93,2.2026044121047723E-5,no
563,79,2.6431020076931516E-5,no
564,68,1.4684245037917878E-5,no
565,62,1.201444645759673E-5,no
566,121,1.3212716233921364E-4,no
567,112,1.3212716233921364E-4,no
568,229,1.3212716233921364E-4,no
569,192,6.607231111658384E-5,no
570,284,1.3212716233921364E-4,no
571,57,1.3215859347109498E-5,no
572,95,2.6431020076931516E-5,no
573,2247,1.3212716233921364E-4,yes
574,71,1.6519715022771774E-5,no
575,51,1.6519715022771774E-5,no
576,252,1.3212716233921364E-4,no
577,80,3.303833847767059E-5,no
578,43,1.1013264639176725E-5,no
579,385,1.3212716233921364E-4,no
580,390,1.3212716233921364E-4,no
581,51,1.3212716233921364E-4,no
582,245,6.607231111658384E-5,no
583,246,1.3212716233921364E-4,no
584,39,7.774119520851584E-6,no
585,73,1.887958520163423E-5,no
586,878,1.3212716233921364E-4,yes
587,3386,1.3212716233921364E-4,no
588,516,1.3212716233921364E-4,no
589,426,1.3212716233921364E-4,no
590,350,1.3212716233921364E-4,no
591,62,1.201444645759673E-5,no
592,73,1.887958520163423E-5,no
593,40,8.81065052495173E-6,no
594,67,1.887958520163423E-5,no
595,138,3.303833847767059E-5,no
596,39,7.774119520851584E-6,no
597,66,2.6431020076931516E-5,no
598,66,2.6431020076931516E-5,no
599,66,2.6431020076931516E-5,no
600,67,1.887958520163423E-5,no
601,389,1.3212716233921364E-4,yes
602,150,1.3212716233921364E-4,no
603,70,1.6519715022771774E-5,no
604,555,1.3212716233921364E-4,no
605,42,1.1013264639176725E-5,no
606,41,6.293353488415932E-6,no
607,97,3.303833847767059E-5,no
608,72,2.6431020076931516E-5,no
609,93,2.2026044121047723E-5,no
610,58,1.887958520163423E-5,no
611,70,1.6519715022771774E-5,no
612,58,1.887958520163423E-5,no
613,89,1.3212716233921364E-4,no
614,33,2.6431020076931516E-5,no
615,65,1.1013264639176725E-5,no
616,46,1.201444645759673E-5,no
617,46,1.201444645759673E-5,no
618,79,2.6431020076931516E-5,no
619,92,3.303833847767059E-5,no
620,84,1.887958520163423E-5,no
621,214,1.3212716233921364E-4,no
622,76,4.405014774110008E-5,no
623,96,3.303833847767059E-5,no
624,68,1.4684245037917878E-5,no
625,85,1.887958520163423E-5,no
626,71,1.6519715022771774E-5,no
627,32,2.2026044121047723E-5,no
628,85,1.887958520163423E-5,no
629,45,9.439970823550582E-6,no
630,45,9.439970823550582E-6,no
631,238,1.3212716233921364E-4,no
632,52,1.887958520163423E-5,no
633,44,3.303833847767059E-5,yes
634,71,1.6519715022771774E-5,no
635,41,6.293353488415932E-6,no
636,41,6.293353488415932E-6,no
637,40,8.81065052495173E-6,no
638,82,2.2026044121047723E-5,no
639,36,1.6519715022771774E-5,no
640,495,1.3212716233921364E-4,yes
641,64,3.303833847767059E-5,no
642,49,1.3215859347109498E-5,no
643,92,3.303833847767059E-5,no
644,89,2.2026044121047723E-5,no
645,94,1.4684245037917878E-5,no
646,60,3.303833847767059E-5,no
647,57,1.3215859347109498E-5,no
648,41,6.293353488415932E-6,no
649,41,6.293353488415932E-6,no
650,799,1.3212716233921364E-4,yes
651,47,1.201444645759673E-5,no
652,71,1.6519715022771774E-5,no
653,69,2.2026044121047723E-5,no
654,75,1.887958520163423E-5,no
655,41,6.293353488415932E-6,no
656,41,6.293353488415932E-6,no
657,72,2.6431020076931516E-5,no
658,56,1.3212716233921364E-4,no
659,79,2.6431020076931516E-5,no
660,71,1.6519715022771774E-5,no
661,53,1.887958520163423E-5,no
662,53,1.887958520163423E-5,no
663,41,6.293353488415932E-6,no
664,41,6.293353488415932E-6,no
665,40,8.81065052495173E-6,no
666,57,1.3215859347109498E-5,no
667,42,1.1013264639176725E-5,no
668,103,4.405014774110008E-5,no
669,62,1.201444645759673E-5,no
670,68,1.4684245037917878E-5,no
671,39,7.774119520851584E-6,no
672,83,1.3212716233921364E-4,no
673,152,1.3212716233921364E-4,no
674,62,1.201444645759673E-5,no
675,109,1.3212716233921364E-4,no
676,49,1.3215859347109498E-5,no
677,43,1.1013264639176725E-5,no
678,41,6.293353488415932E-6,no
679,62,1.201444645759673E-5,no
680,66,2.6431020076931516E-5,no
681,77,1.3212716233921364E-4,no
682,51,1.3212716233921364E-4,no
683,70,1.6519715022771774E-5,no
684,41,6.293353488415932E-6,no
685,65,1.1013264639176725E-5,no
686,42,1.1013264639176725E-5,no
687,57,1.3215859347109498E-5,no
688,58,1.887958520163423E-5,no
689,81,2.6431020076931516E-5,no
690,63,2.6431020076931516E-5,no
691,72,2.6431020076931516E-5,no
692,69,2.2026044121047723E-5,no
693,68,1.4684245037917878E-5,no
694,142,1.3212716233921364E-4,no
695,60,3.303833847767059E-5,no
696,95,1.3212716233921364E-4,no
697,56,3.303833847767059E-5,no
698,49,1.3215859347109498E-5,no
699,49,1.3215859347109498E-5,no
700,70,1.6519715022771774E-5,no
701,2398,1.3212716233921364E-4,yes
702,84,1.887958520163423E-5,no
703,34,4.405014774110008E-5,no
704,885,1.3212716233921364E-4,yes
705,410,1.3212716233921364E-4,yes
706,120,6.607231111658384E-5,no
707,260,6.607231111658384E-5,no
708,2802,1.3212716233921364E-4,no
709,144,6.607231111658384E-5,no
710,466,1.3212716233921364E-4,no
711,388,1.3212716233921364E-4,no
712,2236,0.999986784140653,yes
713,84,1.887958520163423E-5,no
714,117,6.607231111658384E-5,no
715,100,4.405014774110008E-5,no
716,74,0.5882339222142023,no
717,245,6.607231111658384E-5,no
718,437,1.3212716233921364E-4,no
719,257,6.607231111658384E-5,no
720,32,2.2026044121047723E-5,no
721,123,1.3212716233921364E-4,yes
722,188,0.999986784140653,no
723,62,1.201444645759673E-5,no
724,39,7.774119520851584E-6,no
725,2278,1.3212716233921364E-4,yes
726,351,1.3212716233921364E-4,no
727,149,4.405014774110008E-5,no
728,169,1.3212716233921364E-4,yes
729,52,1.887958520163423E-5,no
730,302,1.3212716233921364E-4,no
731,296,1.3212716233921364E-4,no
732,419,1.3212716233921364E-4,no
733,92,3.303833847767059E-5,no
734,329,1.3212716233921364E-4,no
735,483,1.3212716233921364E-4,no
736,157,6.607231111658384E-5,no
737,125,0.999986784140653,no
738,122,1.3212716233921364E-4,no
739,123,6.607231111658384E-5,no
740,235,4.405014774110008E-5,no
741,427,1.3212716233921364E-4,no
742,524,1.3212716233921364E-4,no
743,692,1.3212716233921364E-4,no
744,107,4.405014774110008E-5,no
745,75,1.3212716233921364E-4,no
746,75,1.3212716233921364E-4,no
747,67,1.887958520163423E-5,no
748,647,1.3212716233921364E-4,no
749,43,1.1013264639176725E-5,no
750,89,2.2026044121047723E-5,no
751,67,1.887958520163423E-5,no
752,44,1.3212716233921364E-4,no
753,68,1.4684245037917878E-5,no
754,41,6.293353488415932E-6,no
755,127,0.999986784140653,no
756,74,0.5882339222142023,no
757,69,2.2026044121047723E-5,no
758,85,1.3212716233921364E-4,no
759,268,1.3212716233921364E-4,yes
760,68,1.4684245037917878E-5,no
761,57,1.3215859347109498E-5,no
762,92,3.303833847767059E-5,no
763,156,6.607231111658384E-5,no
764,326,1.3212716233921364E-4,no
765,69,2.2026044121047723E-5,no
766,64,3.303833847767059E-5,no
767,45,9.439970823550582E-6,no
768,30,6.607231111658384E-5,no
769,104,4.405014774110008E-5,yes
770,65,1.1013264639176725E-5,no
771,62,1.201444645759673E-5,no
772,133,0.999986784140653,no
773,54,1.6519715022771774E-5,no
774,52,1.887958520163423E-5,no
775,45,9.439970823550582E-6,no
776,40,8.81065052495173E-6,no
777,45,9.439970823550582E-6,no
778,42,1.1013264639176725E-5,no
779,65,1.1013264639176725E-5,no
780,54,1.6519715022771774E-5,no
781,201,6.607231111658384E-5,yes
782,148,6.607231111658384E-5,no
783,61,1.887958520163423E-5,no
784,88,6.607231111658384E-5,no
785,61,1.887958520163423E-5,no
786,35,4.405014774110008E-5,no
787,34,4.405014774110008E-5,no
788,42,1.3212716233921364E-4,no
789,472,1.3212716233921364E-4,no
790,34,4.405014774110008E-5,no
791,116,0.999986784140653,no
792,1666,1.3212716233921364E-4,no
793,47,1.3212716233921364E-4,no
794,285,1.3212716233921364E-4,no
795,86,1.3212716233921364E-4,no
796,94,1.4684245037917878E-5,no
797,36,1.6519715022771774E-5,no
798,209,6.607231111658384E-5,no
799,67,1.887958520163423E-5,no
800,62,1.201444645759673E-5,yes
801,115,3.303833847767059E-5,no
802,59,2.6431020076931516E-5,no
803,54,1.6519715022771774E-5,no
804,65,1.1013264639176725E-5,no
805,57,1.3212716233921364E-4,no
806,37,2.6431020076931516E-5,no
807,140,1.3212716233921364E-4,no
808,34,1.3212716233921364E-4,no
809,44,1.3212716233921364E-4,no
810,75,1.3212716233921364E-4,no
811,28,1.3212716233921364E-4,no
812,23,1.3212716233921364E-4,no
813,122,1.3212716233921364E-4,no
814,82,1.3212716233921364E-4,no
815,101,1.3212716233921364E-4,no
816,109,1.3212716233921364E-4,no
817,40,1.3212716233921364E-4,no
818,58,1.3212716233921364E-4,no
819,39,1.3212716233921364E-4,no
820,57,1.3212716233921364E-4,no
821,39,1.3212716233921364E-4,no
822,30,1.3212716233921364E-4,no
823,150,1.3212716233921364E-4,no
824,177,1.3212716233921364E-4,no
825,199,6.607231111658384E-5,no
826,94,1.4684245037917878E-5,no
827,71,1.3212716233921364E-4,no
828,54,1.3212716233921364E-4,no
829,45,9.439970823550582E-6,no
830,277,1.3212716233921364E-4,no
831,1084,1.3212716233921364E-4,no
832,55,1.3212716233921364E-4,no
833,736,1.3212716233921364E-4,yes
834,75,1.3212716233921364E-4,no
835,74,0.5882339222142023,no
836,41,6.293353488415932E-6,no
837,75,1.3212716233921364E-4,no
838,87,1.887958520163423E-5,no
839,139,1.3212716233921364E-4,yes
840,211,6.607231111658384E-5,no
841,151,4.405014774110008E-5,yes
842,171,1.3212716233921364E-4,no
843,499,1.3212716233921364E-4,yes
844,144,6.607231111658384E-5,no
845,69,2.2026044121047723E-5,no
846,596,1.3212716233921364E-4,no
847,32,2.2026044121047723E-5,no
848,49,1.3212716233921364E-4,no
849,145,1.3212716233921364E-4,no
850,358,1.3212716233921364E-4,no
851,224,1.3212716233921364E-4,no
852,202,1.3212716233921364E-4,no
853,47,1.201444645759673E-5,no
854,35,4.405014774110008E-5,no
855,91,1.887958520163423E-5,no
856,185,1.3212716233921364E-4,no
857,36,1.6519715022771774E-5,no
858,148,6.607231111658384E-5,no
859,122,1.3212716233921364E-4,no
860,834,1.3212716233921364E-4,no
861,626,1.3212716233921364E-4,no
862,156,1.3212716233921364E-4,yes
863,815,1.3212716233921364E-4,no
864,487,1.3212716233921364E-4,no
865,711,1.3212716233921364E-4,no
866,306,1.3212716233921364E-4,no
867,162,4.405014774110008E-5,no
868,330,1.3212716233921364E-4,no
869,89,2.2026044121047723E-5,no
870,2013,1.3212716233921364E-4,no
871,97,3.303833847767059E-5,no
872,272,6.607231111658384E-5,no
873,140,4.405014774110008E-5,no
874,115,3.303833847767059E-5,no
875,130,4.405014774110008E-5,no
876,112,3.303833847767059E-5,no
877,32,2.2026044121047723E-5,no
878,51,1.6519715022771774E-5,no
879,371,0.999986784140653,no
880,94,1.4684245037917878E-5,no
881,192,6.607231111658384E-5,no
882,94,1.4684245037917878E-5,no
883,332,6.607231111658384E-5,no
884,105,1.3212716233921364E-4,no
885,209,6.607231111658384E-5,no
886,626,1.3212716233921364E-4,no
887,198,6.607231111658384E-5,no
888,92,3.303833847767059E-5,no
889,190,1.3212716233921364E-4,no
890,52,1.887958520163423E-5,no
891,59,2.6431020076931516E-5,no
892,109,4.405014774110008E-5,no
893,87,1.887958520163423E-5,no
894,74,0.5882339222142023,no
895,112,3.303833847767059E-5,no
896,67,1.887958520163423E-5,no
897,63,2.6431020076931516E-5,no
898,42,1.1013264639176725E-5,no
899,86,6.607231111658384E-5,no
900,704,1.3212716233921364E-4,no
901,361,1.3212716233921364E-4,no
902,85,1.887958520163423E-5,no
903,155,3.303833847767059E-5,no
904,147,6.607231111658384E-5,no
905,50,4.405014774110008E-5,no
906,192,6.607231111658384E-5,no
907,98,1.3212716233921364E-4,no
908,116,2.2026044121047723E-5,no
909,48,3.303833847767059E-5,no
910,202,1.3212716233921364E-4,no
911,132,6.607231111658384E-5,no
912,90,4.405014774110008E-5,no
913,230,2.6431020076931516E-5,no
914,235,4.405014774110008E-5,no
915,136,1.3212716233921364E-4,no
916,66,2.6431020076931516E-5,no
917,77,3.303833847767059E-5,no
918,95,2.6431020076931516E-5,no
919,111,3.303833847767059E-5,no
920,114,1.3212716233921364E-4,no
921,41,6.293353488415932E-6,no
922,175,6.607231111658384E-5,no
923,65,1.1013264639176725E-5,no
924,33,2.6431020076931516E-5,no
925,167,4.405014774110008E-5,no
926,30,6.607231111658384E-5,no
927,600,1.3212716233921364E-4,no
928,199,1.3212716233921364E-4,no
929,59,2.6431020076931516E-5,no
930,303,1.3212716233921364E-4,no
931,703,1.3212716233921364E-4,no
932,1216,1.3212716233921364E-4,no
933,263,1.3212716233921364E-4,no
934,95,2.6431020076931516E-5,no
935,302,1.3212716233921364E-4,no
936,279,1.3212716233921364E-4,no
937,642,1.3212716233921364E-4,no
938,259,6.607231111658384E-5,no
939,54,1.6519715022771774E-5,no
940,208,1.3212716233921364E-4,no
941,140,4.405014774110008E-5,no
942,53,1.887958520163423E-5,no
943,43,1.3212716233921364E-4,no
944,38,7.774119520851584E-6,no
945,233,3.303833847767059E-5,no
946,145,1.3212716233921364E-4,no
947,52,1.887958520163423E-5,no
948,50,4.405014774110008E-5,no
949,58,1.887958520163423E-5,no
950,197,6.607231111658384E-5,no
951,115,3.303833847767059E-5,no
952,61,1.887958520163423E-5,no
953,332,6.607231111658384E-5,no
954,278,0.999986784140653,no
955,72,2.6431020076931516E-5,no
956,144,6.607231111658384E-5,no
957,941,1.3212716233921364E-4,no
958,44,3.303833847767059E-5,no
959,1077,1.3212716233921364E-4,no
960,137,6.607231111658384E-5,no
961,416,1.3212716233921364E-4,no
962,128,6.607231111658384E-5,no
963,40,8.81065052495173E-6,no
964,278,1.3212716233921364E-4,no
965,80,3.303833847767059E-5,no
966,46,1.201444645759673E-5,no
967,137,6.607231111658384E-5,no
968,136,6.607231111658384E-5,no
969,2050,0.999986784140653,yes
970,799,1.3212716233921364E-4,no
971,40,8.81065052495173E-6,no
972,40,8.81065052495173E-6,no
973,51,1.6519715022771774E-5,no
974,46,1.201444645759673E-5,no
975,38,7.774119520851584E-6,no
976,39,7.774119520851584E-6,no
977,40,8.81065052495173E-6,no
978,54,1.6519715022771774E-5,no
979,39,7.774119520851584E-6,no
980,46,1.201444645759673E-5,no
981,47,1.201444645759673E-5,no
982,43,1.1013264639176725E-5,no
983,53,1.887958520163423E-5,no
984,40,8.81065052495173E-6,no
985,40,8.81065052495173E-6,no
986,38,7.774119520851584E-6,no
987,46,1.201444645759673E-5,no
988,59,2.6431020076931516E-5,no
989,60,3.303833847767059E-5,no
990,52,1.887958520163423E-5,no
991,33,2.6431020076931516E-5,no
992,47,1.201444645759673E-5,no
993,75,1.887958520163423E-5,no
994,230,2.6431020076931516E-5,no
995,296,1.3212716233921364E-4,no
996,104,1.3212716233921364E-4,no
997,59,2.6431020076931516E-5,no
998,39,7.774119520851584E-6,no
999,54,1.6519715022771774E-5,no
1000,39,7.774119520851584E-6,no
1001,45,9.439970823550582E-6,no
1002,46,1.201444645759673E-5,no
1003,42,1.1013264639176725E-5,no
1004,52,1.887958520163423E-5,no
1005,39,7.774119520851584E-6,no
1006,38,7.774119520851584E-6,no
1007,38,7.774119520851584E-6,no
1008,59,2.6431020076931516E-5,no
1009,47,1.201444645759673E-5,no
1010,38,7.774119520851584E-6,no
1011,116,1.3212716233921364E-4,no
1012,39,7.774119520851584E-6,no
1013,32,2.2026044121047723E-5,no
1014,49,1.3215859347109498E-5,no
1015,242,0.999986784140653,yes
1016,81,2.6431020076931516E-5,no
1017,59,2.6431020076931516E-5,no
1018,38,7.774119520851584E-6,no
1019,38,7.774119520851584E-6,no
1020,45,9.439970823550582E-6,no
1021,54,1.6519715022771774E-5,no
1022,38,7.774119520851584E-6,no
1023,38,7.774119520851584E-6,no
1024,45,9.439970823550582E-6,no
1025,55,3.303833847767059E-5,no
1026,39,7.774119520851584E-6,no
1027,1409,1.3212716233921364E-4,yes
1028,752,0.999986784140653,no
1029,52,1.887958520163423E-5,no
1030,37,2.6431020076931516E-5,no
1031,51,1.6519715022771774E-5,no
1032,38,7.774119520851584E-6,no
1033,48,3.303833847767059E-5,no
1034,201,6.607231111658384E-5,no
1035,1901,1.3212716233921364E-4,yes
1036,1521,1.3212716233921364E-4,no
1037,290,1.3212716233921364E-4,no
1038,116,2.2026044121047723E-5,no
1039,56,3.303833847767059E-5,no
1040,63,2.6431020076931516E-5,no
1041,66,2.6431020076931516E-5,no
1042,60,3.303833847767059E-5,no
1043,42,1.1013264639176725E-5,no
1044,41,6.293353488415932E-6,no
1045,39,7.774119520851584E-6,no
1046,60,3.303833847767059E-5,no
1047,41,6.293353488415932E-6,no
1048,39,7.774119520851584E-6,no
1049,40,8.81065052495173E-6,no
1050,110,1.887958520163423E-5,no
1051,339,1.3212716233921364E-4,no
1052,64,3.303833847767059E-5,no
1053,1680,1.3212716233921364E-4,yes
1054,110,1.887958520163423E-5,no
1055,78,4.405014774110008E-5,no
1056,117,6.607231111658384E-5,no
1057,41,6.293353488415932E-6,no
1058,40,8.81065052495173E-6,no
1059,40,8.81065052495173E-6,no
1060,45,9.439970823550582E-6,no
1061,56,3.303833847767059E-5,no
1062,38,7.774119520851584E-6,no
1063,375,1.3212716233921364E-4,no
1064,216,1.3212716233921364E-4,no
1065,313,1.3212716233921364E-4,no
1066,62,1.201444645759673E-5,no
1067,86,6.607231111658384E-5,no
1068,301,1.3212716233921364E-4,no
1069,116,2.2026044121047723E-5,no
1070,39,7.774119520851584E-6,no
1071,319,1.3212716233921364E-4,no
1072,39,7.774119520851584E-6,no
1073,40,8.81065052495173E-6,no
1074,39,7.774119520851584E-6,no
1075,39,7.774119520851584E-6,no
1076,109,1.3212716233921364E-4,yes
1077,41,6.293353488415932E-6,no
1078,99,4.405014774110008E-5,no
1079,89,1.3212716233921364E-4,no
1080,74,0.5882339222142023,no
1081,110,1.887958520163423E-5,no
1082,110,1.887958520163423E-5,no
1083,1153,1.3212716233921364E-4,no
1084,141,1.3212716233921364E-4,no
1085,71,1.6519715022771774E-5,no
1086,126,1.3212716233921364E-4,no
1087,71,1.6519715022771774E-5,no
1088,320,1.3212716233921364E-4,no
1089,340,1.3212716233921364E-4,no
1090,257,1.3212716233921364E-4,no
1091,45,1.3212716233921364E-4,no
1092,110,1.887958520163423E-5,no
1093,110,1.3212716233921364E-4,no
1094,109,4.405014774110008E-5,no
1095,361,1.3212716233921364E-4,yes
1096,123,6.607231111658384E-5,no
1097,887,0.999986784140653,yes
1098,601,1.3212716233921364E-4,no
1099,840,0.999986784140653,yes
1100,351,1.3212716233921364E-4,yes
1101,46,1.201444645759673E-5,no
1102,587,1.3212716233921364E-4,no
1103,49,1.3215859347109498E-5,no
1104,51,1.6519715022771774E-5,no
1105,53,1.887958520163423E-5,no
1106,109,1.3212716233921364E-4,yes
1107,1044,1.3212716233921364E-4,yes
1108,59,2.6431020076931516E-5,no
1109,64,3.303833847767059E-5,no
1110,103,4.405014774110008E-5,no
1111,109,1.3212716233921364E-4,yes
1112,39,7.774119520851584E-6,no
1113,44,3.303833847767059E-5,no
1114,60,3.303833847767059E-5,no
1115,100,4.405014774110008E-5,no
1116,116,2.2026044121047723E-5,no
1117,170,0.999986784140653,no
1118,116,2.2026044121047723E-5,no
1119,92,1.3212716233921364E-4,no
1120,118,1.3212716233921364E-4,no
1121,40,8.81065052495173E-6,no
1122,31,6.607231111658384E-5,no
1123,2090,1.3212716233921364E-4,yes
1124,1498,1.3212716233921364E-4,no
1125,74,1.3212716233921364E-4,no
1126,127,1.3212716233921364E-4,no
1127,171,1.3212716233921364E-4,no
1128,223,1.3212716233921364E-4,no
1129,763,1.3212716233921364E-4,no
1130,50,1.3212716233921364E-4,no
1131,380,1.3212716233921364E-4,no
1132,106,1.3212716233921364E-4,no
1133,706,1.3212716233921364E-4,yes
1134,129,1.3212716233921364E-4,no
1135,1815,1.3212716233921364E-4,yes
1136,115,1.3212716233921364E-4,no
1137,287,0.999986784140653,yes
1138,634,1.3212716233921364E-4,no
1139,84,1.3212716233921364E-4,no
1140,47,1.3212716233921364E-4,no
1141,75,1.3212716233921364E-4,no
1142,109,1.3212716233921364E-4,no
1143,297,1.3212716233921364E-4,no
1144,201,1.3212716233921364E-4,no
1145,120,1.3212716233921364E-4,no
1146,150,1.3212716233921364E-4,no
1147,393,1.3212716233921364E-4,no
1148,1044,1.3212716233921364E-4,yes
1149,505,1.3212716233921364E-4,yes
1150,93,1.3212716233921364E-4,no
1151,343,1.3212716233921364E-4,no
1152,83,1.3212716233921364E-4,no
1153,423,1.3212716233921364E-4,no
1154,718,1.3212716233921364E-4,yes
1155,245,1.3212716233921364E-4,no
1156,31,6.607231111658384E-5,no
1157,324,1.3212716233921364E-4,no
1158,132,6.607231111658384E-5,no
1159,51,1.6519715022771774E-5,no
1160,30,6.607231111658384E-5,no
1161,85,1.887958520163423E-5,no
1162,31,6.607231111658384E-5,no
1163,33,2.6431020076931516E-5,no
1164,31,6.607231111658384E-5,no
1165,54,1.6519715022771774E-5,no
1166,31,6.607231111658384E-5,no
1167,32,2.2026044121047723E-5,no
1168,55,3.303833847767059E-5,no
1169,81,2.6431020076931516E-5,no
1170,48,3.303833847767059E-5,no
1171,64,3.303833847767059E-5,no
1172,299,1.3212716233921364E-4,no
1173,206,6.607231111658384E-5,no
1174,32,2.2026044121047723E-5,no
1175,31,6.607231111658384E-5,no
1176,45,9.439970823550582E-6,no
1177,31,6.607231111658384E-5,no
1178,56,3.303833847767059E-5,no
1179,33,2.6431020076931516E-5,no
1180,31,6.607231111658384E-5,no
1181,127,1.3212716233921364E-4,no
1182,49,1.3215859347109498E-5,no
1183,31,6.607231111658384E-5,no
1184,35,4.405014774110008E-5,no
1185,33,2.6431020076931516E-5,no
1186,524,1.3212716233921364E-4,no
1187,465,1.3212716233921364E-4,no
1188,26,1.3212716233921364E-4,no
1189,44,3.303833847767059E-5,no
1190,35,4.405014774110008E-5,no
1191,33,2.6431020076931516E-5,no
1192,37,2.6431020076931516E-5,no
1193,32,2.2026044121047723E-5,no
1194,31,6.607231111658384E-5,no
1195,37,2.6431020076931516E-5,no
1196,41,6.293353488415932E-6,no
1197,82,2.2026044121047723E-5,no
1198,31,6.607231111658384E-5,no
1199,31,6.607231111658384E-5,no
1200,32,2.2026044121047723E-5,no
1201,33,2.6431020076931516E-5,no
1202,52,1.887958520163423E-5,no
1203,31,6.607231111658384E-5,no
1204,67,1.887958520163423E-5,no
1205,58,1.887958520163423E-5,no
1206,31,6.607231111658384E-5,no
1207,31,6.607231111658384E-5,no
1208,32,2.2026044121047723E-5,no
1209,31,6.607231111658384E-5,no
1210,31,6.607231111658384E-5,no
1211,37,2.6431020076931516E-5,no
1212,71,1.6519715022771774E-5,no
1213,64,3.303833847767059E-5,no
1214,33,2.6431020076931516E-5,no
1215,45,9.439970823550582E-6,no
1216,63,2.6431020076931516E-5,no
1217,34,4.405014774110008E-5,no
1218,34,4.405014774110008E-5,no
1219,26,1.3212716233921364E-4,no
1220,50,4.405014774110008E-5,no
1221,42,1.1013264639176725E-5,no
1222,117,6.607231111658384E-5,no
1223,48,3.303833847767059E-5,no
1224,31,6.607231111658384E-5,no
1225,53,1.887958520163423E-5,no
1226,588,1.3212716233921364E-4,no
1227,57,1.3215859347109498E-5,no
1228,77,3.303833847767059E-5,no
1229,562,1.3212716233921364E-4,no
1230,433,1.3212716233921364E-4,no
1231,33,2.6431020076931516E-5,no
1232,37,2.6431020076931516E-5,no
1233,61,1.3212716233921364E-4,no
1234,45,9.439970823550582E-6,no
1235,31,6.607231111658384E-5,no
1236,31,6.607231111658384E-5,no
1237,31,6.607231111658384E-5,no
1238,60,3.303833847767059E-5,no
1239,26,1.3212716233921364E-4,no
1240,31,6.607231111658384E-5,no
1241,31,6.607231111658384E-5,no
1242,60,3.303833847767059E-5,no
1243,27,1.3212716233921364E-4,no
1244,31,6.607231111658384E-5,no
1245,49,1.3215859347109498E-5,no
1246,65,1.1013264639176725E-5,no
1247,64,3.303833847767059E-5,no
1248,33,2.6431020076931516E-5,no
1249,65,1.1013264639176725E-5,no
1250,50,4.405014774110008E-5,no
1251,31,6.607231111658384E-5,no
1252,31,6.607231111658384E-5,no
1253,52,1.887958520163423E-5,no
1254,51,1.6519715022771774E-5,no
1255,55,3.303833847767059E-5,no
1256,85,1.3212716233921364E-4,no
1257,874,1.3212716233921364E-4,yes
1258,87,1.3212716233921364E-4,no
1259,149,1.3212716233921364E-4,no
1260,411,1.3212716233921364E-4,no
1261,46,1.201444645759673E-5,no
1262,47,1.201444645759673E-5,no
1263,145,1.3212716233921364E-4,no
1264,127,1.3212716233921364E-4,no
1265,51,1.6519715022771774E-5,no
1266,41,6.293353488415932E-6,no
1267,66,2.6431020076931516E-5,no
1268,106,1.3212716233921364E-4,no
1269,57,1.3215859347109498E-5,no
1270,64,3.303833847767059E-5,no
1271,99,4.405014774110008E-5,no
1272,118,4.405014774110008E-5,no
1273,117,6.607231111658384E-5,no
1274,79,2.6431020076931516E-5,no
1275,74,0.5882339222142023,no
1276,293,1.3212716233921364E-4,no
1277,115,3.303833847767059E-5,no
1278,120,6.607231111658384E-5,no
1279,39,7.774119520851584E-6,no
1280,551,1.3212716233921364E-4,no
1281,557,1.3212716233921364E-4,no
1282,267,1.3212716233921364E-4,no
1283,702,1.3212716233921364E-4,no
1284,52,1.3212716233921364E-4,no
1285,298,1.3212716233921364E-4,no
1286,292,1.3212716233921364E-4,no
1287,50,4.405014774110008E-5,no
1288,173,1.3212716233921364E-4,no
1289,388,1.3212716233921364E-4,no
1290,73,1.887958520163423E-5,no
1291,665,1.3212716233921364E-4,no
1292,159,6.607231111658384E-5,no
1293,287,1.3212716233921364E-4,no
1294,51,1.3212716233921364E-4,no
1295,51,1.3212716233921364E-4,no
1296,52,1.3212716233921364E-4,no
1297,10,1.3212716233921364E-4,no
1298,92,1.3212716233921364E-4,no
1299,91,1.3212716233921364E-4,no
1300,49,1.3212716233921364E-4,no
1301,31,6.607231111658384E-5,no
